{
    "cij": [
        [
            176.72697000000002,
            64.98595,
            87.69918000000001,
            0.17076000000000002,
            -0.008440000000000001,
            -0.022600000000000002
        ],
        [
            64.98595,
            176.70907,
            87.67797000000002,
            0.14175000000000001,
            -0.042300000000000004,
            0.02622
        ],
        [
            87.69918000000001,
            87.67797000000002,
            148.82037,
            -0.26521,
            -0.03766,
            -0.0061600000000000005
        ],
        [
            0.17076000000000002,
            0.14175000000000001,
            -0.26521,
            36.85446,
            -0.04371,
            -0.04127
        ],
        [
            -0.008440000000000001,
            -0.042300000000000004,
            -0.03766,
            -0.04371,
            65.11969,
            -0.011940000000000001
        ],
        [
            -0.022600000000000002,
            0.02622,
            -0.0061600000000000005,
            -0.04127,
            -0.011940000000000001,
            65.1003
        ]
    ]
}